398.41
742.13
131.03
23.06
85.01
21.47
245.72
717.14
362.37
183.74
1027.33
1175.23
80.19
4.28
43.30
0.21
305.77
53.48
-250.00
18.30
2222.59
1625.58
133.49
43.31
181.15
18.30
18.30
2085.27
-2250.00
18.30
18.30
92.32
35.60
459.69
257.95
732.66
761.98
58.32
66.70
463.90
857.85
794.56
579.13
6.00
43.75
174.95
535.69
53.44
1518.87
-5000.00
622.60
104.60
287.77
2393.46
718.62
718.62
761.98
60.71
-761.98
-60.71
482.86
857.85
-482.86
-857.85
732.66
-732.66
138.31
208.79
76.39
49.07
728.76
1370.67
414.03
1052.90
71.36
7.64
46.44
484.70
162.11
80.19
-90.00
-54.00
-50.00
-1.00
-10000.00
-100.00
-400.00
228.46
38.99
-60000.00
-100.00
-500.00
19.25
-54.00
-1434.00
-500.00
-235.00
-1050.00
-50.00
99.62
263.29
851.84
529.54
-20583.67
-5250.00
251.40
40.00
125.00
95.88
20.54
671.58
587.95
133.47
155.09
150.13
439.05
13421.98
573.71
1853.50
-5000.00
